7
38
41
11
11
40
35
7
7
12
7
3
4
12
11
26
41
7
7
11
33
16
11
10
7
30
7
16
39
16
29
32
33
39
26
37
16
16
12
11
27
39
30
40
25
12
16
12
7
7
4
37
11
7
7
20
11
39
7
12
4
11
20
35
7
7
7
36
35
41
35
12
24
7
39
13
11
14
18
11
11
3
4
11
16
11
11
14
40
22
4
12
11
11
20
8
7
11
2
11
39
12
39
30
13
2
8
37
34
11
11
39
30
20
7
7
27
11
11
0
35
20
26
35
39
11
39
20
39
4
33
11
27
4
11
11
25
7
9
7
14
11
11
3
11
41
39
11
11
21
7
30
14
9
11
40
11
23
7
39
7
11
41
11
12
38
7
7
14
33
6
11
25
11
37
11
4
7
11
7
37
11
11
11
7
6
27
39
11
8
20
11
30
11
11
9
39
7
11
4
19
11
36
27
16
11
11
27
41
9
16
11
11
13
12
28
39
12
29
7
2
11
39
11
11
23
7
12
26
1
16
20
3
9
0
11
3
12
39
11
7
19
39
16
39
34
9
33
7
6
20
12
5
7
16
29
12
35
38
39
25
11
29
7
31
26
7
25
11
4
3
11
11
41
21
41
11
12
11
11
13
11
13
11
7
13
39
11
8
11
39
33
35
21
19
12
11
22
11
39
38
21
39
28
7
12
30
11
39
11
29
5
11
16
19
26
25
21
20
3
19
7
14
27
11
7
39
39
9
16
11
11
11
12
11
4
22
2
22
11
40
4
22
35
9
11
11
7
27
26
25
11
25
11
11
11
11
11
11
11
39
11
29
7
14
15
4
11
12
9
35
35
29
35
11
33
7
19
4
7
12
9
13
11
19
19
23
41
9
6
6
28
7
39
34
29
7
16
34
11
4
11
11
11
11
39
19
39
7
19
7
11
35
35
12
20
20
25
41
11
22
7
29
25
16
11
7
11
7
32
11
33
7
15
27
11
0
34
33
11
12
39
38
40
11
15
11
16
7
11
11
12
23
20
27
38
34
10
39
11
39
39
0
27
21
37
40
4
13
11
40
7
4
8
11
28
11
33
13
11
7
2
35
9
23
11
15
35
11
11
11
12
39
36
40
16
39
15
27
35
1
12
11
8
27
7
37
26
39
4
35
11
30
39
30
19
9
11
7
7
19
39
11
25
7
9
22
7
13
39
7
9
0
12
34
20
20
11
39
27
29
1
23
4
11
34
9
11
20
9
23
16
7
11
11
26
7
29
30
12
11
1
9
7
22
31
39
9
9
11
11
7
39
25
30
23
37
13
31
38
26
7
4
17
11
12
9
11
39
13
23
11
32
12
7
7
7
10
12
39
7
11
1
39
6
26
20
19
38
19
9
15
21
7
11
12
3
12
7
32
26
25
11
11
16
11
39
15
11
6
4
11
12
3
7
39
35
27
24
9
11
25
35
27
25
13
16
35
25
16
9
1
7
30
7
11
6
12
20
32
16
39
30
7
11
12
7
7
23
0
7
7
7
39
14
41
16
40
11
8
6
39
39
11
4
15
35
11
11
32
39
22
11
16
40
13
11
19
7
11
36
11
7
11
7
38
11
11
41
35
0
7
7
13
26
12
33
40
11
25
11
24
4
35
23
40
11
37
34
12
40
11
3
38
12
27
20
11
12
6
11
11
39
35
12
11
4
39
22
14
11
11
9
21
39
7
23
32
11
12
11
26
34
7
12
7
39
19
25
11
11
28
11
39
12
4
37
20
7
9
1
7
16
12
1
35
11
39
11
4
7
36
19
13
29
6
39
35
35
26
0
11
30
16
35
7
7
7
39
7
39
9
7
