11
38
11
41
11
23
6
11
24
12
28
16
7
11
11
7
19
7
41
11
3
10
11
39
7
41
41
34
28
34
4
23
8
39
19
13
35
29
22
4
13
39
12
3
11
4
38
38
7
7
34
9
11
23
7
11
11
12
11
33
22
11
31
9
7
7
7
7
34
3
35
32
9
26
39
36
11
23
20
11
11
36
20
11
11
7
7
7
31
27
28
31
11
11
11
19
7
11
12
7
22
22
35
6
35
16
15
7
34
38
11
11
20
15
14
8
10
39
11
20
28
14
9
39
33
11
21
3
35
4
3
12
6
11
11
15
34
7
41
17
12
39
11
17
25
19
13
11
31
22
3
8
11
40
11
7
39
27
15
35
20
11
2
11
11
11
20
20
6
40
8
7
26
27
24
11
22
7
9
0
8
20
11
11
11
8
39
7
11
7
7
25
12
16
13
38
39
15
23
11
15
19
4
11
12
7
19
4
41
11
0
7
11
35
12
9
37
11
36
9
29
13
5
11
15
35
23
19
11
11
35
28
28
11
41
11
35
19
25
11
11
17
5
23
26
11
12
19
39
11
11
20
35
7
0
22
11
39
13
23
5
11
4
7
27
32
7
34
38
11
35
11
12
38
6
2
9
39
11
22
39
39
29
15
26
36
39
23
17
9
39
8
11
28
13
38
11
39
8
38
11
6
11
11
31
7
35
12
11
11
12
11
11
31
19
26
9
3
17
3
22
22
11
18
11
39
25
35
11
16
11
15
11
23
11
7
4
35
28
11
17
27
35
35
38
0
32
0
21
7
7
11
11
9
15
15
7
11
11
11
23
39
12
12
9
20
7
7
19
11
4
3
23
39
7
22
35
19
26
7
19
11
16
11
19
32
39
9
16
29
20
29
9
2
22
33
15
8
11
11
34
1
11
11
0
11
33
8
12
3
7
39
9
36
19
12
38
11
18
16
40
14
15
12
23
39
26
12
31
20
11
36
25
15
25
11
9
39
40
11
16
8
39
35
11
11
11
11
7
11
20
20
15
20
11
11
4
11
39
11
5
4
16
9
23
29
23
39
11
11
23
3
7
41
11
8
37
2
38
11
7
28
4
6
2
39
0
21
11
15
11
19
11
16
31
22
13
11
39
13
18
20
11
12
41
39
8
11
39
7
11
39
30
9
4
3
11
11
39
7
3
16
11
7
40
29
16
7
35
39
11
7
6
19
29
29
14
5
37
35
16
25
11
27
31
27
7
11
30
15
29
34
11
11
11
26
11
12
3
30
11
40
7
4
7
21
39
38
15
16
16
11
5
12
9
33
37
41
7
37
22
7
23
9
11
11
11
11
11
14
4
12
7
11
7
11
28
10
39
5
19
12
1
12
7
15
12
11
11
7
11
11
27
7
11
20
17
8
35
12
3
11
39
12
0
11
4
11
1
23
27
7
20
39
41
16
2
39
9
11
11
13
10
23
39
11
38
31
22
16
26
25
26
19
14
11
30
0
7
23
39
11
2
7
31
16
41
26
35
11
7
7
7
39
11
39
2
23
11
20
12
23
4
11
26
15
3
11
27
6
23
11
26
40
22
12
11
14
20
39
14
11
30
11
7
11
12
16
7
30
26
7
7
16
7
12
0
24
39
20
12
13
0
13
17
23
11
6
39
0
26
11
36
19
11
1
7
11
1
6
9
29
27
19
7
31
31
23
13
23
16
11
11
9
11
11
39
39
7
31
37
11
23
7
17
7
39
32
21
7
11
22
11
17
15
13
9
11
7
11
10
7
0
3
39
19
37
11
38
7
14
12
15
8
13
12
23
36
35
37
9
11
12
35
19
11
7
7
11
7
11
14
11
