19
39
11
25
11
30
7
7
7
12
7
11
0
39
11
7
15
7
7
11
41
16
11
12
29
34
7
16
12
34
11
11
23
39
9
20
4
16
12
11
9
23
12
20
25
20
11
11
7
7
11
27
11
11
7
20
11
12
7
38
4
11
11
11
11
9
7
20
22
13
4
11
11
7
39
13
11
16
7
11
11
11
11
11
11
11
39
11
11
4
29
11
11
11
20
7
7
11
18
7
39
35
39
9
36
11
11
11
29
11
11
39
12
20
7
8
39
11
11
3
22
12
9
39
8
11
38
7
4
7
30
11
39
39
11
11
25
7
9
9
15
11
11
3
11
3
39
11
11
29
7
9
11
23
11
7
11
9
7
39
7
11
9
11
11
11
7
11
4
35
25
7
7
11
39
11
7
7
11
11
25
11
11
11
7
6
5
7
11
7
7
11
12
11
11
4
11
11
11
11
8
20
11
11
16
11
11
39
11
11
7
11
11
23
16
11
39
29
11
7
26
11
39
11
11
11
7
12
11
14
16
4
4
9
11
11
3
9
39
11
11
3
39
16
7
11
7
27
11
39
6
7
11
7
16
11
11
16
39
39
11
11
29
15
7
9
11
1
11
7
35
11
11
11
9
20
11
39
11
11
39
11
7
7
29
13
11
23
12
11
39
25
11
23
37
11
11
11
9
39
11
11
11
9
11
7
13
41
11
11
11
11
11
16
19
11
25
19
7
22
39
7
9
11
11
4
20
39
9
0
11
11
11
20
11
4
4
11
25
11
24
11
16
35
11
11
11
26
7
7
7
11
11
11
11
12
11
11
11
11
39
11
4
9
9
9
7
11
11
11
35
4
29
11
11
29
7
19
11
7
13
9
39
11
9
6
9
11
9
9
11
14
7
12
12
3
7
16
11
11
20
11
11
20
11
11
19
39
11
9
7
11
11
35
10
12
11
11
33
11
11
7
7
25
16
11
11
11
7
11
11
36
7
20
39
11
11
29
9
11
23
41
39
11
11
11
11
25
7
11
11
39
23
11
11
39
4
11
39
11
11
39
0
7
8
3
11
7
11
11
8
7
11
14
11
8
11
12
11
11
7
3
11
9
23
11
11
39
11
11
11
12
39
39
9
9
39
11
11
4
9
16
11
11
39
7
11
11
39
7
19
11
10
11
15
7
9
11
12
7
7
39
11
11
12
9
11
11
0
39
12
7
39
12
11
20
11
11
39
23
11
10
11
4
23
27
9
11
11
11
29
16
7
11
11
27
11
29
8
15
11
7
7
7
11
9
39
11
12
11
11
7
11
11
9
19
37
7
7
11
4
9
35
16
11
12
9
11
11
39
4
11
7
11
7
7
7
35
12
39
12
11
41
39
7
11
7
11
11
4
7
11
21
7
11
19
22
11
4
11
7
25
11
25
16
11
39
11
11
41
7
39
20
37
12
25
11
39
29
9
11
20
27
28
11
11
9
39
26
0
5
11
7
2
7
11
11
12
20
11
11
39
16
7
38
11
7
7
11
11
20
7
7
39
14
11
20
39
11
11
11
39
11
11
11
1
9
11
11
12
11
9
11
16
25
15
11
24
7
11
37
11
7
11
7
11
11
11
9
12
11
11
7
25
41
11
8
3
11
25
12
26
26
12
7
40
11
7
11
12
39
11
26
25
11
35
16
11
11
7
27
11
39
9
20
11
11
39
11
37
11
11
12
11
23
7
39
11
11
12
11
11
11
7
7
11
19
19
9
11
11
35
11
39
12
11
7
11
7
9
11
23
11
12
39
29
11
11
11
7
9
20
9
30
11
12
23
35
35
7
12
11
16
40
19
7
12
7
39
7
23
14
9
