19
39
11
25
11
30
20
7
7
12
7
11
29
12
11
7
15
7
7
11
41
16
11
12
29
34
7
16
12
17
11
11
23
39
7
20
4
16
12
11
9
23
19
20
25
7
11
34
7
7
11
11
4
40
7
20
11
12
11
38
4
11
4
11
7
7
7
20
22
13
4
11
11
7
39
30
11
16
7
11
11
11
11
11
11
11
7
11
11
4
35
12
11
11
11
7
7
11
18
7
39
35
39
9
13
11
11
11
34
11
11
39
12
20
7
8
39
24
11
3
35
11
9
39
9
11
38
41
4
7
8
11
11
39
11
11
25
7
7
9
15
11
11
3
11
3
39
11
11
29
7
39
11
23
11
4
11
9
7
39
7
11
9
11
11
11
7
11
4
23
25
7
7
11
39
11
7
7
11
11
25
11
11
11
7
12
5
7
11
7
7
11
12
11
11
4
11
11
11
11
8
20
11
11
16
11
41
39
11
11
13
11
11
0
20
11
39
29
11
7
22
11
39
11
11
11
7
12
11
14
35
4
4
9
33
11
3
12
39
11
11
3
35
16
7
11
11
27
11
39
41
11
2
11
16
11
11
16
16
39
11
11
29
7
23
11
11
20
11
23
35
11
11
11
9
20
11
39
11
22
39
11
7
7
29
10
11
11
12
11
39
41
11
23
37
11
11
11
9
39
11
7
11
9
24
7
13
41
11
11
11
11
11
16
19
11
25
30
39
9
12
7
11
11
11
4
20
35
11
0
11
11
11
16
11
4
4
11
25
11
24
11
16
35
11
11
11
7
29
7
7
11
11
11
11
12
11
11
11
11
39
11
4
7
9
15
7
11
11
11
35
4
29
11
29
29
9
11
11
7
13
11
12
11
9
11
9
11
9
9
11
14
7
39
12
27
7
16
11
11
39
11
11
11
11
11
19
39
11
9
7
11
11
35
12
12
11
11
33
11
11
12
29
1
39
11
11
11
18
11
11
36
7
20
39
11
11
16
9
11
23
41
39
16
11
11
11
4
24
11
11
39
11
9
11
39
4
32
11
11
11
39
0
7
8
3
11
7
11
11
8
7
11
14
11
8
11
8
8
11
7
3
16
9
23
11
11
4
11
11
11
12
27
39
9
9
35
11
11
4
9
16
11
20
7
7
11
11
39
7
19
11
10
11
15
7
9
11
25
7
7
39
11
11
12
9
11
11
23
39
12
7
39
12
11
20
11
11
39
23
39
8
9
4
11
27
11
11
11
11
18
16
7
11
11
11
11
29
8
15
11
38
7
7
11
9
39
11
12
9
11
7
11
11
9
23
23
7
7
11
4
11
35
15
11
12
11
11
11
39
4
11
7
11
7
7
7
39
12
39
12
11
38
39
7
11
12
11
11
4
7
11
21
7
11
19
22
11
4
11
16
4
11
11
16
11
7
11
11
20
7
39
17
22
12
25
11
39
29
11
11
13
27
35
11
11
9
39
11
0
5
11
7
2
7
11
11
12
21
11
11
39
16
7
11
11
7
7
11
11
7
7
7
39
11
11
11
39
11
14
11
38
27
11
35
9
7
11
11
12
39
9
11
16
32
15
11
24
0
11
39
11
7
11
7
11
11
11
12
12
11
11
7
25
7
11
8
3
11
11
12
26
16
19
20
40
11
7
11
12
39
11
35
38
11
11
16
11
11
11
27
11
39
9
20
11
11
39
11
0
11
11
12
11
23
7
0
39
11
12
27
11
11
7
7
11
4
19
9
11
11
35
11
39
11
20
7
11
7
11
11
23
29
12
39
29
11
11
11
11
11
20
9
9
11
12
23
35
35
7
12
11
16
40
19
7
12
7
39
7
23
11
20
