25
1
23
19
7
2
8
7
7
12
20
4
6
12
11
24
8
26
15
11
30
34
11
13
7
23
23
7
0
13
29
23
19
39
14
3
28
39
1
40
3
7
12
30
39
39
11
11
31
11
4
11
11
11
22
16
6
38
39
3
4
11
4
23
20
7
11
11
4
13
6
40
11
24
7
3
7
0
7
11
39
28
39
11
7
7
1
6
9
28
4
39
11
11
24
9
9
11
24
11
0
33
39
17
33
21
7
11
2
9
11
11
0
21
40
37
23
11
11
9
2
27
18
34
3
11
1
3
18
5
35
7
40
25
11
11
14
9
7
23
17
11
39
3
11
9
13
39
25
35
35
13
39
40
11
21
39
2
20
25
40
11
8
11
12
38
11
9
8
33
3
6
11
37
3
11
40
23
11
26
3
23
11
16
11
33
27
11
11
9
7
7
30
24
23
6
38
11
11
39
40
8
36
38
17
11
20
23
6
9
11
11
11
27
11
2
23
7
7
11
26
23
11
5
7
39
40
15
9
20
34
8
35
11
7
11
3
19
39
11
11
14
25
16
16
11
38
15
27
16
12
15
32
2
16
40
11
4
28
0
11
39
4
16
23
27
7
3
5
26
4
11
11
12
37
14
7
39
12
9
1
26
0
20
5
30
39
39
12
12
4
8
9
8
31
15
7
3
31
39
11
37
11
7
7
7
30
11
5
11
11
25
11
11
19
11
26
23
15
35
17
21
11
11
11
28
27
4
11
33
11
11
11
38
11
7
7
32
3
11
8
32
35
35
12
18
39
37
11
29
9
7
27
21
12
15
11
11
20
39
23
11
6
9
9
19
7
9
40
11
4
10
31
26
14
38
23
40
7
29
31
11
1
7
15
8
20
20
0
9
11
31
15
0
33
3
11
6
7
39
4
7
7
11
24
39
17
39
11
19
37
11
7
3
15
11
11
1
9
31
40
7
40
15
34
11
11
9
14
29
11
33
38
9
16
11
11
36
33
7
0
15
11
31
11
11
38
7
37
5
11
11
37
37
40
39
11
11
39
11
23
39
12
14
23
2
6
38
25
7
20
37
7
0
15
22
29
30
3
11
9
35
27
0
23
7
7
31
11
9
11
41
11
39
14
0
37
12
11
35
16
4
11
8
22
7
35
7
10
29
7
7
10
5
30
12
25
11
4
20
41
0
11
11
23
23
9
11
34
39
11
7
1
12
37
32
11
39
39
27
36
22
11
25
7
27
6
11
21
15
29
18
11
11
11
25
11
11
35
17
11
4
19
35
7
1
13
12
15
28
7
11
39
12
11
2
31
15
11
12
4
7
39
30
7
38
11
5
25
39
33
31
11
11
11
11
21
30
27
38
7
11
12
11
7
7
6
23
39
23
7
24
13
9
25
12
22
13
36
11
4
11
7
23
17
7
0
9
11
6
11
11
41
26
41
25
3
25
20
9
32
32
33
23
39
39
16
11
28
16
16
16
7
30
7
11
39
12
8
37
16
39
33
22
37
12
11
11
23
14
19
6
7
39
9
27
13
31
11
41
9
11
4
11
0
14
30
11
11
6
25
11
38
6
35
12
11
7
7
25
9
11
8
11
25
39
12
11
9
19
9
11
11
12
7
9
8
6
39
11
9
2
26
19
41
0
16
40
11
12
40
7
35
12
11
1
21
11
39
40
1
29
1
15
38
11
34
12
37
19
24
11
12
11
31
11
6
11
39
39
27
11
15
39
38
11
5
36
11
7
11
36
11
16
15
20
20
27
15
39
13
11
14
40
39
35
25
11
9
0
7
4
20
33
33
12
9
28
4
32
15
11
1
35
21
23
41
11
39
11
0
7
11
