19
0
19
7
11
25
4
13
7
12
23
41
7
12
11
26
9
29
19
11
36
5
11
12
6
38
7
16
39
16
26
29
31
39
9
4
4
8
41
40
16
27
30
40
20
15
11
0
7
7
35
10
27
17
7
12
39
39
11
12
4
11
11
4
31
7
7
20
24
12
3
11
7
7
39
13
11
27
26
11
11
11
3
11
27
11
11
14
11
4
35
11
6
11
11
30
20
12
31
11
23
33
39
30
35
11
9
7
12
11
11
39
19
20
7
8
27
8
11
22
40
3
27
35
8
11
1
7
10
7
33
11
23
11
11
11
16
7
7
9
8
39
11
36
11
19
39
11
37
0
7
9
7
23
11
7
11
37
7
27
7
11
33
11
12
1
7
11
8
23
21
7
7
7
7
11
4
7
11
7
15
8
11
16
7
12
5
9
11
14
7
11
11
16
11
12
39
11
11
11
5
20
35
11
0
11
21
27
11
11
31
7
11
0
16
40
39
33
23
4
22
31
7
11
11
27
7
19
14
9
16
7
40
15
3
11
3
18
39
11
7
12
27
9
7
39
0
30
11
11
41
19
2
11
7
3
12
4
22
16
11
4
29
7
28
7
7
20
16
17
35
11
11
11
9
16
11
34
6
31
16
11
6
25
26
12
39
40
23
11
16
12
11
23
19
38
11
31
37
39
11
7
39
3
18
7
19
41
11
11
11
11
11
16
19
26
3
30
7
28
39
19
11
11
11
29
39
35
9
17
11
11
11
39
11
12
40
8
40
11
3
23
35
35
12
11
29
24
40
7
11
24
11
11
21
11
11
11
11
39
39
11
4
9
9
41
26
41
30
7
35
4
9
35
7
39
29
11
34
7
13
12
39
11
19
0
11
11
30
6
11
14
7
4
12
22
9
22
11
11
32
16
25
20
22
39
19
13
12
9
7
11
20
35
38
0
11
11
31
11
40
12
12
1
39
11
7
11
7
22
11
33
0
1
39
11
11
16
35
11
11
41
11
31
11
11
7
3
7
11
7
37
23
41
11
1
17
1
39
7
39
39
0
7
29
36
11
7
31
11
8
7
7
27
11
35
11
12
11
11
7
3
35
9
13
11
26
19
11
11
0
12
39
1
8
34
39
15
39
4
11
39
11
24
35
11
23
11
39
7
5
4
30
4
0
17
9
4
29
7
15
39
11
11
9
11
37
7
13
39
7
7
39
30
1
4
0
11
19
3
0
31
11
4
21
11
11
11
1
12
9
16
11
11
27
5
18
12
33
30
39
39
7
7
40
8
39
9
12
11
11
7
11
19
9
23
31
31
7
9
26
9
35
21
4
15
15
11
3
0
12
11
39
1
7
1
30
23
12
39
18
22
19
39
6
7
12
4
11
41
7
11
19
7
11
0
4
12
4
11
28
34
11
23
16
11
12
11
11
20
11
39
29
28
6
8
34
27
11
14
1
1
12
28
11
12
11
39
20
34
28
11
7
30
7
11
11
12
22
40
20
11
12
7
22
11
7
7
4
41
7
7
7
23
14
11
16
39
11
8
25
11
20
11
24
9
19
11
11
12
20
40
25
16
2
12
11
24
7
4
20
11
19
11
7
11
11
11
19
12
31
7
7
16
14
13
35
36
11
11
11
32
20
0
37
9
11
11
39
19
20
11
36
12
13
29
39
20
11
31
7
11
39
12
0
11
11
39
16
38
11
11
15
11
27
7
4
39
11
12
39
7
41
7
41
7
34
1
11
11
19
34
11
39
11
36
7
39
15
11
12
11
11
12
39
18
11
11
11
35
11
18
8
30
39
12
23
2
35
11
9
11
12
35
23
4
0
7
4
7
39
41
20
