19
12
27
30
11
30
20
7
7
12
7
39
11
7
11
11
15
11
19
11
16
16
11
4
11
12
35
4
11
11
11
32
9
25
13
20
39
4
12
11
7
23
19
16
7
20
11
39
7
7
4
11
7
9
7
39
5
12
11
12
7
10
11
11
11
9
11
11
39
11
4
11
32
29
13
12
11
7
11
11
15
11
11
11
39
11
9
16
11
4
7
12
10
11
11
21
7
11
7
39
9
39
11
7
23
11
7
25
12
11
38
9
12
20
39
11
12
32
11
25
35
11
7
39
9
7
39
4
39
35
7
17
24
11
11
11
7
7
7
7
15
39
11
36
11
7
12
32
39
9
7
9
15
9
11
4
4
23
11
20
7
11
11
11
15
11
12
11
4
39
11
16
7
11
39
0
7
7
11
12
19
7
25
11
11
11
32
12
11
39
7
16
12
11
11
11
11
9
25
16
7
20
11
11
11
12
32
9
11
7
13
11
11
25
12
11
39
22
9
23
11
22
39
11
11
11
11
12
9
7
17
4
4
9
12
12
12
7
15
11
11
3
11
27
7
12
11
27
29
39
7
9
11
32
7
29
11
16
11
39
23
39
7
7
7
4
11
39
11
17
7
9
11
11
7
11
9
12
9
10
25
7
7
7
29
13
39
11
17
7
35
12
11
11
39
12
11
11
11
35
12
21
9
7
11
7
9
41
11
11
11
11
11
35
11
14
3
19
11
9
12
27
11
12
7
4
20
39
9
12
11
11
11
16
39
4
35
11
25
11
11
37
16
35
39
11
5
7
39
39
11
11
11
15
12
12
11
16
11
39
4
32
9
7
9
19
11
11
11
11
16
39
11
11
39
39
39
19
11
7
13
9
12
11
9
11
9
11
9
11
39
14
9
40
12
12
7
7
20
39
9
11
11
11
11
41
19
11
7
32
7
25
35
4
15
39
11
11
11
11
39
11
7
25
39
11
11
11
7
11
25
7
0
12
11
11
11
16
11
25
9
41
11
35
11
25
9
3
7
11
15
39
7
9
11
39
4
32
11
7
20
39
39
19
29
23
15
39
11
9
8
7
35
39
11
8
11
11
11
11
11
13
39
9
11
16
11
4
11
39
11
15
27
11
9
9
35
9
39
4
25
16
11
11
7
7
11
11
39
39
19
7
37
16
12
27
25
25
4
7
9
39
11
11
23
31
22
29
11
39
11
7
39
12
11
29
11
7
39
32
16
39
11
4
25
39
11
11
11
11
11
32
11
24
11
39
7
4
23
12
11
11
7
39
11
11
39
11
12
9
11
11
11
11
7
23
20
13
32
30
7
11
39
15
29
12
7
11
39
39
4
11
7
9
11
39
7
15
39
39
11
11
12
11
11
11
10
22
11
11
7
11
23
7
11
23
7
39
4
11
11
3
22
9
7
11
15
9
11
20
7
17
12
11
16
25
4
11
3
11
11
25
12
20
11
11
41
11
11
16
5
13
7
12
7
11
11
12
7
11
11
11
39
7
11
39
11
11
4
11
27
7
11
11
11
11
20
9
11
8
12
25
11
11
15
9
7
27
11
12
4
39
3
13
25
15
39
9
7
11
16
11
38
23
11
39
11
7
9
12
11
11
20
25
11
11
12
39
39
7
11
23
16
12
20
12
11
7
20
12
39
11
11
41
11
32
6
11
11
11
27
35
39
12
19
29
23
39
11
11
28
25
11
11
9
11
11
23
11
0
23
9
4
7
7
7
3
20
9
11
11
35
11
7
12
23
9
11
7
17
11
11
11
12
39
11
11
11
11
12
11
11
11
23
9
12
11
29
35
9
7
7
11
11
19
7
39
7
11
7
12
7
9
