37
39
11
11
39
11
11
11
11
11
11
11
11
11
11
11
11
39
11
11
11
11
11
11
11
11
11
11
11
11
11
11
11
11
11
11
11
11
11
11
39
11
11
11
11
11
35
11
11
0
11
11
11
11
11
4
11
11
11
11
11
11
11
11
11
11
11
11
36
11
39
11
11
11
7
11
11
11
39
11
11
11
11
11
11
11
11
11
11
11
11
11
11
35
11
11
11
11
11
11
11
27
9
11
11
11
11
11
11
11
11
11
11
11
11
11
11
11
11
11
11
11
11
11
11
11
11
11
11
11
11
11
39
11
11
11
11
11
11
7
11
11
11
11
11
11
11
11
11
11
11
11
11
11
11
11
11
11
11
11
11
11
11
11
11
11
11
11
11
11
11
11
11
11
11
7
11
11
11
11
11
16
11
11
11
11
11
11
11
11
39
11
7
11
11
11
7
22
11
11
35
11
11
11
11
11
11
11
11
11
11
11
11
35
11
11
11
12
11
11
12
11
11
11
11
11
11
11
11
11
36
11
11
11
11
11
9
11
11
11
11
11
11
11
11
11
11
11
11
11
11
11
11
11
11
11
11
11
11
11
11
11
11
11
11
39
11
11
11
11
35
11
11
11
11
11
11
11
11
11
11
11
11
11
11
11
7
11
11
11
11
11
11
35
11
11
11
11
11
11
11
11
11
11
11
11
11
11
11
11
11
11
11
11
11
11
11
11
11
11
11
11
11
11
0
11
11
11
11
11
11
11
19
11
11
11
11
36
11
11
11
11
11
11
11
11
11
7
11
11
11
11
11
11
11
11
11
11
11
11
11
11
11
11
35
11
11
11
11
11
11
11
11
11
11
11
11
11
11
11
7
11
11
11
11
11
11
11
11
11
11
11
11
11
11
7
11
11
11
11
11
11
11
11
11
11
11
7
11
11
11
7
11
11
11
11
11
11
11
11
11
11
11
11
11
11
11
11
11
11
11
11
11
11
11
11
11
11
11
11
11
11
11
11
11
11
11
11
11
11
11
11
11
11
11
11
11
11
11
11
11
11
11
11
11
11
11
11
11
11
11
11
35
11
11
11
11
11
11
11
11
11
11
11
11
11
11
11
11
11
11
11
11
11
11
11
12
11
11
11
11
11
11
11
11
11
11
11
11
11
11
11
11
11
36
11
11
11
35
11
11
11
11
11
11
11
11
11
11
11
11
11
11
11
11
35
11
11
11
11
11
11
11
11
11
11
35
11
11
11
11
11
11
11
9
11
11
11
11
11
11
11
11
11
11
11
11
11
11
7
11
11
11
11
11
11
11
11
11
26
11
11
26
11
11
39
11
11
11
11
11
11
11
11
11
11
11
11
11
11
11
11
11
11
11
11
11
11
11
11
11
11
11
11
11
11
11
11
11
16
11
11
11
11
11
11
11
11
11
9
11
11
11
11
11
11
27
11
11
11
11
11
11
11
11
11
11
11
11
11
0
11
11
11
11
11
11
11
11
11
11
11
11
11
11
11
11
11
11
11
11
11
11
11
11
11
11
11
11
26
11
11
11
11
26
11
11
11
11
11
11
11
11
11
11
11
11
11
11
11
11
11
11
11
11
11
11
11
11
11
8
11
7
11
11
11
11
11
11
11
11
11
11
11
11
11
11
11
11
11
11
11
11
11
11
11
11
11
11
11
11
11
11
11
11
11
7
11
11
11
11
11
11
11
11
11
11
11
11
11
11
11
11
16
11
11
11
11
11
11
11
11
11
11
11
11
11
11
11
11
11
11
11
11
11
11
11
11
11
11
11
11
11
11
11
11
11
11
35
11
11
11
11
11
11
11
11
11
11
11
0
11
11
