39
11
11
11
39
39
11
34
11
11
39
7
11
11
11
11
11
39
11
11
11
39
11
11
11
11
11
11
11
11
11
11
11
11
11
11
11
11
11
11
11
7
11
11
4
11
11
11
11
11
7
11
11
11
11
7
11
39
11
11
11
11
11
11
11
11
11
11
26
7
39
39
11
11
11
11
11
11
11
11
11
11
11
11
11
35
39
11
7
7
11
11
11
35
11
11
11
7
11
11
11
35
39
11
11
11
11
11
11
11
11
39
11
11
39
11
11
11
11
11
11
11
11
11
11
11
7
7
11
11
11
11
11
11
11
11
11
11
11
11
11
39
11
11
11
11
7
11
4
11
11
11
11
11
11
11
11
11
11
11
7
11
11
11
7
11
11
11
7
11
11
18
11
11
41
11
11
11
11
11
11
11
11
11
11
11
11
11
11
11
7
11
35
7
11
7
7
11
11
11
35
11
11
11
11
11
39
39
11
11
11
11
11
0
11
39
11
11
11
11
11
16
39
7
39
11
11
11
11
11
35
7
11
11
11
11
26
11
11
11
7
11
11
37
41
35
7
35
0
11
11
11
11
4
11
11
11
16
11
11
11
7
11
11
11
11
39
11
11
7
35
30
11
11
11
11
11
11
11
11
11
11
11
11
11
16
7
11
39
11
11
11
11
26
11
11
11
7
11
7
11
11
39
11
11
39
11
11
11
11
11
11
11
7
11
11
11
7
39
11
12
11
11
11
35
35
11
35
11
11
7
11
11
7
11
11
11
11
11
11
11
11
11
11
11
11
11
26
11
11
7
11
11
11
11
11
11
11
11
11
39
12
11
39
35
11
39
7
11
11
11
7
11
11
11
11
39
11
11
11
11
11
11
39
11
11
11
11
11
11
11
7
7
11
11
11
11
11
11
11
11
11
11
7
11
11
7
39
11
11
11
11
11
11
11
11
11
11
11
11
11
11
11
11
7
11
11
11
11
11
11
11
11
11
11
11
11
11
7
11
11
7
11
11
11
11
11
11
11
11
11
7
11
11
11
11
11
11
11
11
11
27
11
11
11
11
41
11
11
11
11
11
35
11
11
11
11
11
11
11
11
11
11
11
11
11
11
11
11
39
11
11
11
11
11
11
11
11
11
7
11
11
11
11
11
11
11
7
11
11
11
11
11
11
11
11
11
11
35
11
11
7
11
11
7
11
11
11
11
11
11
11
11
11
31
26
11
11
11
11
11
9
11
11
11
12
35
11
11
11
11
7
11
11
26
11
11
11
11
11
11
30
11
11
11
11
11
11
11
11
12
11
7
11
11
9
11
39
11
26
11
41
26
11
11
30
11
39
11
11
11
7
7
11
11
11
11
11
11
11
11
11
11
11
11
11
11
11
7
11
7
11
11
11
11
11
11
11
11
7
11
11
11
11
39
11
11
11
11
39
7
11
11
11
11
11
11
11
11
26
11
11
11
11
11
11
11
11
39
11
16
11
11
11
11
11
7
11
11
11
11
11
39
11
11
11
11
11
11
11
11
11
11
7
11
39
11
11
11
7
7
11
11
11
26
11
11
11
11
39
11
11
11
39
7
11
11
11
11
11
11
11
11
11
11
11
11
11
11
11
21
11
12
11
11
11
11
39
11
11
11
11
11
11
30
9
11
11
11
12
11
11
11
11
11
39
11
11
19
11
11
11
11
11
11
11
11
11
11
11
39
11
11
12
35
11
11
11
11
11
11
11
11
39
13
7
11
11
39
11
11
11
11
20
11
11
11
11
11
11
11
20
11
11
7
11
11
11
11
7
27
11
7
30
11
7
11
11
35
11
11
39
39
11
16
11
7
11
11
11
11
11
11
