7
11
11
39
11
11
11
16
11
11
7
7
11
7
11
11
11
39
7
11
11
11
19
19
11
7
11
11
11
11
11
11
11
11
30
11
30
11
11
11
11
11
11
11
11
27
35
4
37
16
11
11
11
11
11
11
11
11
11
11
11
11
2
39
11
11
11
11
11
11
39
37
11
11
11
11
11
11
37
11
11
11
11
11
11
35
11
11
23
7
11
11
11
35
7
11
11
7
9
11
39
35
25
39
11
11
11
11
11
11
7
37
11
11
7
11
11
11
7
11
11
11
11
11
11
11
11
12
7
11
11
11
11
11
11
11
11
11
11
35
11
11
11
11
11
35
41
11
4
11
11
11
11
37
11
11
30
11
7
11
7
11
11
11
12
11
11
11
7
30
11
41
11
11
41
11
11
39
11
11
11
11
11
11
11
11
39
12
11
11
7
11
35
12
11
34
11
35
11
11
35
11
11
39
11
11
7
39
7
11
11
11
11
11
11
39
11
11
11
7
12
16
39
9
11
39
11
11
11
7
35
11
11
11
11
11
11
11
11
11
11
11
11
37
7
11
11
16
11
11
23
11
11
12
11
11
11
7
11
11
11
11
7
7
11
39
39
11
11
11
35
7
11
11
11
11
11
11
11
11
11
11
11
11
11
16
7
11
11
11
11
11
11
11
11
11
11
11
11
11
11
11
4
11
11
39
11
41
7
11
11
11
11
11
11
11
11
11
39
11
39
11
11
11
22
11
11
16
27
11
7
11
39
11
11
11
11
11
11
11
11
11
11
11
11
11
11
11
11
11
7
11
11
11
11
11
11
11
11
11
39
39
11
11
35
11
11
11
11
11
11
16
11
11
7
11
11
39
11
9
11
12
39
11
11
11
11
11
11
11
11
11
7
11
7
11
11
11
11
11
11
11
11
7
11
11
7
39
11
11
11
7
11
11
11
11
11
11
11
11
24
11
11
39
11
11
12
11
7
11
11
11
11
11
11
11
11
11
7
11
11
11
11
11
11
11
11
11
11
11
11
7
11
11
11
11
11
11
11
11
7
27
11
7
39
11
11
7
11
11
7
11
35
7
7
11
11
11
11
11
4
11
11
11
11
11
11
11
11
29
11
11
11
11
11
11
7
11
11
0
11
39
11
7
7
7
11
7
39
11
11
11
11
11
7
11
11
11
35
11
11
7
11
11
11
11
11
11
11
11
11
4
11
27
6
35
11
11
7
11
7
11
11
11
11
39
35
11
11
7
7
7
11
11
26
7
11
11
7
11
11
30
11
11
11
7
11
11
7
11
12
11
11
11
11
9
11
39
11
11
11
11
26
11
27
30
11
39
11
11
11
7
11
11
7
11
11
7
11
11
11
39
9
11
11
11
11
11
7
11
39
11
11
11
7
11
11
11
11
11
11
18
11
11
4
11
11
11
11
39
7
11
11
11
11
11
29
11
11
26
7
11
11
11
11
11
11
11
39
11
11
11
4
11
11
11
11
11
11
11
11
11
11
11
11
11
11
7
11
11
11
11
11
7
11
11
11
11
11
7
7
39
11
7
26
11
11
11
11
11
11
11
11
11
11
11
11
11
11
7
11
11
11
11
11
11
11
11
7
11
11
11
7
11
11
11
4
39
11
11
11
11
11
11
30
7
7
11
7
11
11
16
11
11
4
39
39
7
19
11
11
39
11
11
7
11
12
11
11
11
4
11
11
11
11
11
35
11
11
12
11
11
11
11
11
9
11
11
35
11
11
11
11
11
11
4
11
11
11
11
11
11
11
11
11
11
39
11
11
7
27
11
11
30
11
39
11
11
35
7
7
7
12
27
7
7
7
11
11
11
35
7
11
