1 0 0 0 0 0 0 3 0 0 1 2 1 0 0 1 0 1 0 0 0 0 0 0 0 0 0 1 0 0 0 0 0 0 0 0 0 0 0 1 0 0
0 1 0 1 0 0 0 0 1 1 0 3 1 0 0 0 1 0 0 0 0 0 0 0 0 0 0 0 0 0 0 0 0 0 0 0 0 0 0 5 0 0
1 1 0 0 0 0 0 2 0 0 0 2 0 0 0 0 0 0 0 0 0 0 0 0 0 0 1 0 0 2 0 0 0 0 0 0 0 1 0 0 0 0
0 0 0 1 0 1 0 2 1 1 0 1 0 0 0 0 0 0 0 0 0 0 0 0 1 1 0 0 0 0 0 0 0 0 0 0 0 0 0 1 0 0
0 0 0 1 1 0 0 2 1 1 0 4 2 0 0 0 1 0 0 3 1 1 0 0 1 0 0 1 0 0 2 0 0 0 0 1 0 0 0 1 0 0
0 0 0 1 0 0 0 2 0 1 0 2 0 0 0 0 0 0 0 0 0 0 0 0 0 0 0 0 0 1 0 0 0 0 0 0 0 0 0 0 0 0
0 0 0 0 0 0 0 1 1 0 0 5 0 0 0 0 0 0 0 0 0 0 0 0 0 0 1 0 0 0 0 0 0 0 0 0 1 0 0 1 0 0
5 3 2 2 4 0 0 11 3 5 0 26 4 0 0 0 0 1 1 1 1 0 1 1 1 3 0 1 0 0 1 0 0 0 0 1 0 2 2 3 0 0
0 0 0 1 0 0 0 0 0 1 0 2 1 0 0 0 0 1 0 0 0 0 0 0 0 0 0 0 0 0 0 0 0 0 0 0 0 1 0 1 0 0
2 1 0 2 0 0 0 7 2 1 1 20 2 0 0 0 0 2 0 4 1 0 0 0 0 0 0 0 0 1 0 0 1 0 0 0 0 0 0 1 0 1
1 1 0 0 0 0 0 1 0 0 1 0 1 2 0 0 0 0 0 0 0 0 0 0 0 1 0 0 0 0 0 1 0 0 0 0 0 1 1 1 0 0
5 4 1 1 1 1 0 27 3 7 0 34 6 1 2 0 4 3 1 1 7 0 0 0 0 2 3 4 0 2 2 0 1 0 0 2 0 3 0 22 1 1
2 0 0 1 0 0 1 5 5 2 0 8 0 1 0 0 0 2 0 0 1 0 0 1 0 0 1 1 0 0 0 0 0 0 1 3 0 0 1 2 0 1
0 0 1 0 1 0 0 2 0 0 1 3 0 1 0 0 0 1 0 1 1 1 0 1 0 2 0 0 0 0 0 0 0 0 1 0 0 0 1 3 0 0
0 0 0 0 1 0 0 0 0 0 0 1 1 0 0 0 0 1 0 0 0 0 0 0 0 0 0 0 0 0 0 0 0 0 0 0 0 0 0 1 0 0
0 1 0 0 0 0 0 1 0 0 0 2 1 0 0 0 0 1 0 1 0 1 0 0 0 1 0 0 0 0 0 0 0 0 1 2 0 1 0 1 0 1
0 1 0 0 1 0 0 3 1 0 0 5 4 0 0 0 0 0 0 1 1 0 0 0 0 0 1 0 0 0 0 0 0 0 0 0 0 0 0 3 1 0
0 0 0 0 0 0 0 0 0 1 0 1 0 0 0 0 0 0 0 0 1 0 0 0 0 0 0 0 0 0 0 0 0 0 1 1 0 0 0 0 0 0
0 0 0 0 1 0 0 3 0 0 0 4 0 0 0 0 0 0 0 0 1 0 0 0 0 0 1 0 0 1 0 0 0 0 0 0 1 0 0 0 0 0
0 1 0 0 0 0 0 4 2 0 0 1 0 0 0 0 0 0 0 0 1 0 0 0 0 1 0 0 0 0 0 1 0 0 0 0 0 2 0 3 0 0
0 0 0 0 1 0 0 1 0 1 0 4 3 0 1 0 2 1 0 1 0 0 0 0 0 0 0 1 0 1 0 0 0 0 0 0 0 1 0 1 0 0
1 0 0 0 0 0 0 3 0 0 0 2 0 0 0 0 0 0 0 0 0 0 0 0 0 0 0 0 0 0 0 0 0 0 0 0 0 0 0 0 0 0
0 0 0 0 1 0 0 0 1 1 0 4 1 0 0 1 1 0 0 1 1 0 0 1 1 0 0 0 0 0 0 0 0 0 0 0 0 0 0 1 0 0
0 0 0 0 0 0 0 4 0 0 0 5 0 0 0 0 0 0 0 0 1 0 0 0 0 0 0 0 0 0 0 0 0 0 0 0 0 0 0 2 1 0
0 0 0 0 0 0 0 1 0 2 0 5 0 0 0 0 0 0 0 0 0 0 0 0 0 0 0 0 0 0 0 0 0 0 0 0 0 2 0 1 0 0
0 0 1 0 0 0 0 1 0 1 0 13 0 1 0 0 0 0 0 0 0 0 0 0 0 1 0 0 1 0 1 0 0 0 0 1 0 0 0 2 1 0
0 0 0 0 0 0 0 1 1 0 0 0 0 0 0 0 0 0 1 0 0 0 0 0 0 0 0 1 0 0 0 0 0 0 0 0 0 0 0 2 0 0
1 1 0 0 0 0 0 1 1 1 0 1 0 0 0 0 0 0 0 0 0 0 0 0 0 0 0 1 0 0 0 0 0 0 0 0 0 0 0 3 0 1
0 1 0 0 1 0 0 0 0 1 1 1 1 0 0 0 0 1 0 0 0 0 0 0 0 0 0 0 0 0 1 0 0 0 0 0 0 0 0 1 0 0
0 0 0 0 1 0 0 2 0 0 0 2 0 0 0 0 0 0 0 0 1 0 0 0 0 0 0 0 1 1 0 0 0 0 0 0 0 1 1 0 0 0
0 1 0 1 0 0 0 3 1 0 0 2 1 0 0 0 0 1 0 0 0 0 0 1 0 0 0 1 0 0 0 0 0 0 0 0 0 0 0 1 0 0
0 0 0 0 0 0 0 0 0 0 0 2 0 0 0 0 0 0 0 0 0 0 0 0 0 0 0 0 0 0 0 0 0 0 0 0 0 0 0 1 0 0
0 0 0 0 0 0 0 2 0 0 0 4 0 0 0 0 0 0 0 0 0 0 0 0 0 1 0 0 0 0 0 0 0 0 0 1 0 0 0 1 0 0
0 0 0 2 1 0 0 2 0 0 0 1 1 0 0 0 1 1 1 0 0 0 0 0 0 2 0 0 0 0 1 0 0 0 0 0 0 0 0 0 0 0
0 0 0 0 0 0 0 0 0 0 0 1 0 0 0 0 0 0 0 0 0 0 0 0 0 0 0 0 1 0 0 0 0 0 0 0 0 1 0 1 0 0
1 0 0 1 0 0 0 3 0 0 0 4 0 0 0 0 1 0 0 0 1 0 1 0 0 0 0 0 0 0 1 0 0 0 0 0 0 1 0 0 0 1
0 1 0 0 0 0 0 1 0 2 0 3 0 0 0 0 0 1 0 0 0 0 0 0 0 0 0 0 0 0 0 0 0 0 0 0 0 0 0 0 0 0
0 0 1 0 0 0 0 2 0 0 0 3 0 0 0 0 0 0 0 0 0 0 0 0 0 0 0 0 0 0 0 0 0 0 1 0 0 0 0 0 0 0
0 0 0 2 1 0 0 2 0 1 0 1 0 0 0 1 0 0 0 1 0 0 0 0 0 0 0 1 0 0 0 0 0 0 0 0 0 0 0 0 0 2
1 1 1 0 1 0 0 6 1 3 0 10 0 0 0 0 0 2 0 1 3 0 1 2 0 1 0 1 0 0 3 0 0 0 0 0 0 0 0 5 0 0
0 0 0 0 0 1 0 2 0 2 0 4 0 0 0 0 1 0 0 0 0 1 0 0 0 0 0 0 0 0 0 0 0 0 0 0 0 0 0 3 0 0
1 0 0 0 0 0 0 2 0 2 0 2 2 0 0 0 0 2 0 0 1 0 0 0 0 1 0 1 0 0 0 0 0 0 2 1 0 0 0 3 0 0
