0
7
27
22
11
39
7
11
7
27
24
7
0
37
9
7
30
12
11
8
34
39
39
20
40
17
39
3
16
39
39
32
20
39
0
11
38
9
9
41
11
10
9
38
11
38
38
4
41
11
3
11
12
26
29
11
18
4
9
38
11
11
11
7
19
4
11
13
40
11
26
22
11
40
40
31
29
11
20
20
39
4
11
18
27
11
11
12
33
33
11
34
9
11
11
3
6
7
11
7
26
12
40
18
20
13
37
25
16
7
19
39
11
11
22
11
29
11
11
20
26
25
4
39
28
19
2
15
12
7
7
35
20
9
11
11
11
39
19
39
11
16
16
37
39
19
39
8
11
34
11
35
11
9
10
11
16
20
11
8
7
11
29
27
11
39
10
12
27
19
4
11
11
26
39
11
11
11
11
7
12
24
7
11
6
11
26
11
29
1
12
11
39
9
11
22
11
38
27
12
17
40
4
39
11
7
23
29
11
7
7
11
26
11
11
9
38
7
7
3
9
11
18
11
39
11
3
11
8
7
13
27
31
11
0
11
23
35
7
39
11
7
11
4
37
9
22
34
7
4
14
26
11
41
29
2
0
23
28
1
12
3
9
4
39
3
6
0
16
7
26
2
9
13
41
32
7
19
39
39
11
16
0
7
31
23
27
7
0
19
4
3
4
39
41
11
31
11
11
2
7
18
17
15
16
12
10
7
11
29
40
7
38
11
11
3
30
17
0
25
0
19
11
14
11
9
7
11
28
23
11
15
20
39
1
29
20
36
11
11
11
40
7
11
4
11
35
35
29
39
11
13
13
26
25
7
23
34
11
7
25
11
9
13
9
15
12
14
14
33
11
9
3
12
41
38
13
6
39
16
9
35
11
11
9
31
11
19
12
11
9
18
20
3
36
11
11
20
11
35
0
7
11
20
21
13
11
39
18
41
7
12
30
35
39
9
7
13
11
11
26
39
0
7
9
6
3
37
21
0
38
11
16
11
40
33
11
4
4
35
37
39
19
25
11
11
11
5
39
26
22
7
13
16
7
39
19
4
11
29
35
11
9
40
26
39
11
34
40
5
16
26
11
9
31
25
8
9
32
11
32
12
11
16
26
7
29
26
39
9
34
39
7
15
4
7
11
12
29
0
16
9
0
31
11
11
11
0
20
39
25
9
39
31
3
11
20
4
7
11
17
39
23
5
7
30
11
11
7
11
13
7
27
41
11
16
4
31
41
11
34
36
7
11
19
25
11
5
15
21
0
39
40
30
11
26
22
28
29
16
19
7
4
30
4
15
22
20
20
11
13
4
7
11
23
28
35
9
40
22
19
13
20
6
3
41
7
39
3
17
7
20
16
11
11
39
11
16
20
39
7
23
9
12
27
0
12
20
39
11
11
11
11
11
21
20
7
7
15
20
16
23
7
8
2
9
12
12
11
16
15
34
13
7
0
19
13
39
11
0
30
34
12
11
11
4
9
19
11
25
7
13
34
25
22
11
29
9
20
13
33
11
11
23
39
8
32
28
13
11
7
11
11
11
4
13
35
41
0
26
25
9
4
11
31
14
11
13
26
7
39
39
7
39
5
7
4
11
29
39
5
22
20
11
19
11
38
11
9
9
11
20
11
18
7
37
4
11
20
7
11
1
9
17
7
25
11
7
20
37
11
4
37
11
8
4
0
20
35
16
7
12
28
37
11
28
41
11
39
17
11
11
40
11
9
9
7
4
30
11
41
11
35
7
0
11
11
25
9
13
39
37
9
38
9
22
9
33
19
11
13
9
39
9
21
40
33
11
40
7
16
6
38
27
35
9
7
29
11
20
11
5
11
11
25
39
9
13
7
11
11
23
7
