7
11
8
9
11
17
7
11
7
17
24
25
0
19
11
7
30
12
11
8
34
39
39
21
11
39
39
4
16
13
11
39
39
39
7
11
12
9
9
8
11
37
39
9
11
12
7
7
11
11
1
11
12
8
29
11
16
4
11
3
11
11
11
7
19
20
7
11
11
11
7
35
11
37
7
4
16
11
0
0
39
12
11
39
27
11
11
12
11
11
11
34
7
19
11
12
39
7
11
0
3
7
11
25
16
7
37
25
29
35
0
31
11
11
38
11
29
11
11
1
26
16
4
39
3
19
8
15
7
25
1
7
20
39
10
11
11
39
19
1
11
0
16
37
7
41
39
2
11
29
11
27
39
39
39
11
16
20
11
1
11
11
12
27
11
39
37
12
27
19
20
11
11
39
39
11
11
3
11
7
22
7
30
0
8
11
8
11
17
39
12
12
39
9
11
38
11
3
8
12
17
22
4
39
11
7
23
28
11
7
7
12
26
11
11
11
38
7
7
3
11
11
0
7
17
11
24
27
8
9
11
1
7
27
8
10
25
7
7
0
11
7
11
12
37
9
11
11
7
29
0
1
11
8
11
2
11
35
3
12
9
3
9
20
39
3
7
39
3
12
22
2
7
1
8
39
7
16
39
39
11
9
0
7
7
39
4
7
13
19
12
3
41
30
41
11
7
11
11
2
7
25
39
15
27
7
11
7
11
27
32
7
17
11
11
3
39
35
7
39
39
11
11
11
11
9
23
11
8
8
11
20
20
39
41
1
24
36
11
11
11
8
7
30
20
11
12
27
35
39
11
13
17
39
25
7
9
34
11
7
25
11
9
37
9
37
19
14
3
17
11
39
3
12
1
12
11
39
37
16
7
35
11
4
39
12
11
12
11
11
9
18
4
39
2
7
11
20
11
35
0
9
11
20
1
37
20
39
19
41
7
12
39
39
17
11
7
17
11
11
26
39
0
7
9
39
5
11
20
0
1
41
12
11
37
11
11
4
4
12
11
17
7
25
14
11
11
7
39
8
11
39
7
16
7
17
19
28
6
16
35
10
30
30
26
39
11
7
40
18
29
7
11
11
7
7
11
9
39
11
20
7
11
12
26
7
28
10
37
35
34
39
7
15
11
7
11
17
23
36
11
9
26
7
11
11
7
0
20
8
25
9
39
7
3
11
2
4
10
11
17
11
23
21
7
7
11
11
39
11
11
7
7
1
11
24
19
7
11
11
34
31
7
11
19
23
11
7
12
35
17
39
7
1
11
26
11
11
1
18
35
7
16
27
4
39
38
11
8
11
37
9
7
11
30
30
1
9
7
11
8
17
20
21
35
11
7
26
3
17
7
11
0
40
11
9
11
32
20
30
7
23
9
37
17
9
27
39
7
11
11
11
41
11
20
20
7
7
20
12
12
39
7
2
39
39
11
38
11
9
18
7
11
7
7
19
7
3
11
8
39
8
9
39
30
12
39
11
11
11
30
37
34
25
39
11
29
7
20
7
11
11
11
4
11
40
39
0
21
11
7
11
11
11
11
8
11
39
9
7
25
39
39
11
11
14
11
13
7
7
39
39
39
39
5
11
12
11
29
39
0
1
7
27
0
11
12
11
5
9
11
7
11
25
7
11
4
11
20
9
11
7
9
17
7
4
11
7
20
25
11
40
37
11
11
20
19
23
27
7
7
41
8
12
1
0
8
34
25
17
11
11
7
11
7
9
7
4
27
11
30
11
35
7
13
11
39
25
39
7
39
11
8
38
9
11
9
17
19
25
7
0
9
9
39
37
17
11
7
7
0
39
11
27
7
9
7
29
11
7
20
1
11
11
4
39
9
13
7
11
11
19
7
