30
7
2
39
11
40
7
11
7
40
24
28
7
19
11
7
11
12
11
8
34
39
39
39
11
7
39
3
16
7
11
39
10
39
32
7
38
11
9
41
11
12
9
29
11
38
5
19
41
11
38
11
0
32
28
11
16
4
11
38
11
11
11
7
19
4
11
13
13
11
7
26
11
15
7
11
28
11
20
0
39
35
11
18
27
11
11
12
7
15
11
34
13
7
11
14
39
7
11
22
4
23
29
0
29
7
37
23
28
12
23
9
11
11
19
11
29
11
11
32
26
7
4
39
4
4
12
15
7
28
7
35
20
9
9
11
11
20
19
39
11
20
16
37
39
9
39
8
11
28
11
35
39
9
7
11
16
20
11
8
11
7
29
41
11
39
12
12
28
19
4
11
25
2
39
11
11
38
11
7
12
40
7
28
12
11
14
11
1
27
7
11
39
9
9
25
11
3
27
12
17
22
4
39
11
7
29
28
25
7
22
12
26
11
39
25
38
7
7
3
11
11
37
11
25
13
24
11
8
25
19
27
7
11
14
11
23
35
7
34
11
7
11
4
37
9
15
41
35
4
37
27
23
41
33
2
0
13
38
39
9
3
9
26
39
33
40
15
16
7
6
2
7
39
41
41
7
34
39
39
11
25
16
7
31
25
6
7
7
19
31
33
41
39
28
11
7
11
11
2
0
9
17
15
4
20
11
7
11
27
22
7
38
11
11
3
14
39
32
25
26
11
11
15
11
9
7
11
32
23
11
4
20
41
11
20
24
41
11
11
11
40
7
28
35
11
35
35
7
39
41
13
0
30
23
7
23
34
11
7
23
11
9
11
9
37
19
14
16
38
11
9
15
12
1
38
11
39
39
16
25
35
11
24
19
30
27
9
0
11
9
18
4
3
35
11
11
20
11
35
7
30
11
20
21
15
11
39
12
25
7
12
41
23
40
9
7
12
11
11
26
39
7
19
9
26
31
11
26
35
38
7
32
11
27
34
11
4
4
1
11
40
9
25
11
11
11
9
24
8
39
39
13
16
7
28
19
13
11
29
7
11
39
30
26
39
11
7
11
20
28
19
11
40
18
19
11
23
14
11
35
11
11
8
26
0
28
26
20
26
34
39
7
15
9
7
12
25
23
13
20
16
29
31
11
11
19
16
20
22
23
9
39
7
3
11
2
4
10
11
25
11
23
22
19
39
11
11
14
11
19
7
26
14
11
24
4
31
12
11
34
17
7
11
19
25
11
27
27
15
29
39
7
38
27
26
11
11
11
14
35
7
4
30
4
14
39
11
16
11
27
41
7
11
23
11
12
36
26
16
19
16
20
21
33
11
7
39
3
17
13
29
34
11
11
9
7
4
20
9
7
9
9
11
39
9
12
30
39
40
11
11
11
11
20
20
7
7
16
20
12
14
7
2
25
9
11
12
11
9
15
27
11
7
18
19
7
39
11
11
41
8
0
37
11
41
9
2
11
11
30
27
34
30
39
11
29
27
20
30
11
11
11
19
11
20
26
0
23
11
7
11
11
11
4
34
11
26
16
19
25
39
27
11
7
14
11
13
5
7
39
39
8
39
5
11
39
11
29
2
37
1
29
11
0
11
38
11
41
9
11
24
13
18
7
11
39
11
20
0
11
7
9
17
7
15
11
18
20
30
11
1
37
11
11
32
4
5
27
25
13
12
8
18
7
3
41
11
9
25
11
11
7
11
41
9
7
4
34
41
11
11
35
7
13
11
14
25
9
30
39
9
16
5
25
11
9
6
19
11
13
9
39
9
14
27
12
11
7
7
37
41
33
28
35
35
7
29
11
27
11
14
11
11
36
39
9
13
0
11
11
19
7
