39
20
11
8
0
4
39
4
15
20
32
11
39
11
11
23
11
35
11
11
11
11
11
7
39
11
37
11
6
15
4
25
23
3
39
39
12
11
20
4
22
11
30
4
1
18
23
32
7
5
39
11
11
2
11
12
39
11
11
38
11
3
11
1
11
4
11
12
12
7
0
39
7
11
16
15
11
11
12
11
29
11
3
29
28
11
9
41
11
11
11
11
27
19
11
4
9
19
11
7
25
16
1
13
35
25
11
7
11
31
11
9
7
1
38
23
35
11
20
11
16
23
23
4
25
13
33
24
34
11
11
4
4
11
25
22
7
34
19
3
11
26
31
39
12
19
11
11
34
32
30
11
9
7
11
4
27
39
11
39
11
15
20
11
9
4
11
16
20
30
39
12
11
15
27
16
13
7
39
11
39
11
11
11
30
11
38
3
9
11
39
39
35
6
11
12
7
37
14
34
35
11
29
39
11
11
6
30
11
11
11
7
41
11
11
25
39
11
11
40
7
11
16
11
7
11
11
11
25
17
22
32
11
2
25
11
35
35
13
11
8
11
11
7
10
3
0
39
11
4
11
39
11
0
11
25
28
11
40
9
11
4
11
41
39
7
19
25
8
19
26
12
39
29
11
9
27
11
37
4
11
4
39
12
4
11
7
11
39
27
28
23
11
11
7
18
39
33
11
12
11
23
39
11
11
30
11
7
25
5
11
23
7
5
7
11
19
11
39
23
20
11
11
11
39
22
23
9
11
11
12
11
39
11
10
11
11
11
39
4
7
39
11
39
9
5
11
3
32
38
11
11
8
11
11
9
11
11
11
11
16
0
7
11
3
39
39
4
22
7
36
7
4
11
6
28
11
23
32
1
7
11
11
7
17
11
11
11
11
39
34
34
16
38
11
7
11
7
20
11
0
11
11
15
16
21
7
30
11
11
11
11
4
11
4
25
24
12
11
1
2
11
11
39
30
11
23
23
11
11
7
11
0
9
11
12
11
11
7
3
7
12
30
9
7
11
11
11
39
11
33
7
11
11
25
11
11
11
39
14
19
11
11
16
11
11
41
11
11
7
19
11
5
11
11
27
4
11
4
11
30
38
3
7
39
23
11
16
11
39
28
25
39
1
35
7
14
5
25
11
21
18
39
39
17
11
39
4
40
9
15
21
11
7
11
39
27
8
37
7
11
34
11
7
12
11
11
11
11
11
23
11
22
11
4
24
11
11
32
11
34
40
4
20
26
19
12
39
11
12
15
38
5
11
5
4
15
7
9
1
1
34
11
22
9
12
7
11
4
22
1
11
11
11
5
9
11
32
11
3
9
41
26
6
11
26
11
3
31
4
30
25
11
31
7
28
24
11
11
7
11
11
10
11
11
11
11
11
7
9
1
12
39
7
6
4
11
11
7
7
27
26
21
11
1
11
39
39
10
39
30
1
11
18
9
7
26
11
11
22
11
25
11
11
11
11
14
23
26
41
11
4
39
23
18
6
39
7
0
7
11
11
35
7
24
6
1
7
11
7
11
34
11
7
1
7
12
11
9
39
7
11
11
7
26
15
11
37
21
11
11
23
27
11
23
11
12
7
39
28
27
39
11
11
7
11
5
6
7
17
22
7
30
4
11
12
4
0
11
5
11
29
4
11
11
27
24
39
23
27
11
11
11
11
11
11
11
7
12
11
20
26
4
39
11
41
11
41
29
11
37
4
6
11
11
11
11
11
11
39
11
11
25
9
13
30
11
1
0
4
11
21
11
16
24
7
0
7
7
11
19
20
11
11
12
4
0
11
12
31
34
16
7
10
21
19
25
11
26
7
11
7
11
16
16
7
19
11
3
7
11
3
41
