0
41
12
29
39
4
39
41
38
20
34
1
41
40
18
21
7
35
11
11
35
39
29
7
39
7
37
11
17
15
25
25
23
39
32
16
10
11
20
12
22
16
13
17
1
30
23
9
8
24
16
9
11
22
19
41
39
11
41
26
11
34
23
35
19
11
11
12
26
7
39
39
7
9
35
6
11
11
7
11
29
11
39
29
39
28
9
20
7
11
11
7
27
36
12
17
9
7
32
7
1
39
1
0
11
25
12
18
39
9
11
9
15
1
38
18
9
24
23
11
33
33
23
11
5
13
33
15
41
11
11
11
4
11
25
22
7
16
12
7
24
26
10
39
12
24
25
11
34
11
18
11
7
7
11
11
30
23
7
27
9
15
6
8
7
4
28
16
20
30
11
12
7
7
27
16
0
8
39
11
22
11
16
7
30
11
27
3
9
18
11
39
35
33
11
12
7
27
14
11
35
11
29
39
23
10
11
22
24
11
12
8
41
16
11
7
39
11
11
7
28
7
16
11
7
11
11
9
25
33
35
11
16
2
16
11
16
26
19
29
7
7
11
19
10
3
0
31
11
4
16
21
32
12
24
25
28
16
36
9
11
7
11
41
23
12
7
25
0
7
26
12
8
9
11
11
27
11
11
4
11
11
34
18
11
11
28
13
39
27
28
8
23
11
7
33
39
33
11
12
11
23
1
23
11
33
11
7
16
5
11
19
11
29
19
11
7
28
39
23
20
25
11
11
39
26
23
22
16
11
15
11
39
22
23
11
12
16
31
11
12
26
21
39
10
27
1
25
32
38
11
11
1
11
11
29
11
11
3
9
16
18
9
18
11
7
39
39
22
12
36
7
4
11
6
39
7
23
11
1
7
8
7
5
25
11
11
18
11
9
41
34
34
41
11
7
11
7
17
11
16
11
32
15
16
23
7
4
11
11
2
27
11
11
4
5
20
12
11
9
2
39
11
5
18
11
7
19
11
39
5
9
3
11
11
41
11
28
7
6
30
19
30
19
27
25
11
11
20
4
33
7
16
11
25
11
11
11
39
14
9
38
11
16
4
9
41
11
7
15
7
37
5
18
3
27
4
11
4
11
18
14
34
7
16
20
3
39
11
39
39
25
12
24
39
7
14
5
7
25
20
30
7
7
33
11
39
4
36
9
33
7
11
12
11
21
11
15
37
9
11
34
11
7
29
11
29
11
11
35
23
11
22
39
4
24
11
11
11
1
13
0
39
6
26
7
12
39
11
12
25
41
29
10
5
9
9
7
29
22
1
34
11
6
4
1
37
11
26
22
16
11
11
11
0
9
11
32
11
8
10
41
26
6
11
4
7
4
30
7
18
25
11
31
19
28
41
23
11
7
29
7
31
11
4
11
32
3
7
34
34
7
39
7
11
11
34
11
38
19
25
4
11
11
30
11
39
5
31
14
30
1
9
18
9
7
12
11
12
22
29
7
11
9
11
11
14
23
11
41
32
13
9
23
30
6
23
7
39
0
11
9
35
7
24
11
34
7
37
12
19
35
11
7
1
5
12
19
21
39
7
23
11
7
26
4
18
11
40
7
22
23
37
11
21
7
12
7
39
28
39
39
11
11
0
19
5
7
28
9
22
12
39
4
11
12
37
25
11
5
11
30
23
12
11
27
12
38
23
27
11
11
11
9
11
9
18
11
15
11
9
26
23
39
11
11
12
41
35
27
37
4
6
7
10
11
12
11
11
16
9
11
25
16
13
30
11
34
39
4
11
21
9
16
39
7
1
7
7
11
12
20
11
22
15
4
39
11
13
31
34
16
7
7
14
7
7
11
26
39
11
7
11
9
16
4
19
11
17
22
32
20
41
