39
11
12
24
39
4
39
0
23
41
32
1
40
11
39
23
29
35
11
11
35
0
9
7
39
7
11
15
17
15
7
25
23
3
32
39
10
21
20
10
37
7
30
8
1
12
23
32
0
28
17
9
9
19
12
41
39
7
2
24
29
39
32
9
24
16
40
13
12
7
39
25
7
9
16
18
11
11
12
17
29
11
40
29
28
16
9
41
7
11
11
7
27
36
12
10
9
19
16
7
31
7
9
13
35
25
12
9
11
40
11
11
7
6
38
27
5
6
9
11
16
23
23
11
15
13
33
24
41
11
11
39
4
11
25
16
15
0
12
39
7
26
31
39
13
13
11
11
34
11
11
11
7
7
11
13
38
6
7
27
29
6
7
32
9
4
24
16
20
30
41
12
7
23
27
16
13
28
39
11
4
26
25
40
30
11
38
3
9
27
11
19
35
18
11
15
13
40
7
11
35
11
29
39
8
27
1
39
5
11
12
7
41
16
11
23
39
11
11
7
7
40
16
11
7
11
11
9
26
6
35
11
16
38
16
11
26
40
25
7
8
7
11
30
20
3
13
39
37
4
28
21
37
39
38
25
7
11
36
9
11
37
11
41
17
11
7
25
17
19
26
12
39
9
11
9
27
11
11
4
11
16
39
12
27
1
7
11
39
5
11
23
23
11
7
16
39
33
11
12
11
5
39
11
11
30
11
7
12
5
28
23
11
7
0
11
7
24
1
4
20
2
11
11
39
22
23
22
16
11
17
11
39
2
23
11
12
7
0
11
12
31
21
39
10
0
24
7
32
7
7
11
17
11
11
9
11
11
3
9
16
38
7
18
11
0
39
19
22
12
36
7
39
11
6
20
7
23
32
35
7
16
7
0
0
7
11
18
11
18
41
16
16
38
11
7
11
7
17
11
37
11
11
38
16
1
7
30
11
11
1
18
11
11
4
23
29
13
11
3
3
25
11
11
11
11
33
19
11
24
3
31
23
11
2
12
11
28
1
5
28
6
30
4
27
39
11
11
19
11
33
7
23
11
25
11
11
11
39
14
9
0
11
16
39
9
20
11
7
3
36
16
5
18
3
27
4
11
4
11
11
24
34
7
39
25
9
27
32
39
28
25
3
24
3
4
35
5
23
5
22
19
7
7
16
32
39
4
36
10
20
26
3
12
11
21
7
7
37
40
11
34
11
7
16
11
29
11
11
35
18
11
38
14
4
25
11
11
32
9
13
40
19
20
26
19
12
39
11
39
25
38
29
27
26
23
9
15
9
22
7
34
11
1
4
7
37
11
4
3
16
11
7
11
0
9
11
32
11
3
10
41
26
33
11
4
7
16
31
7
6
25
11
31
3
32
11
11
11
7
29
11
31
11
11
11
16
9
7
34
1
12
39
7
11
4
22
11
7
30
7
4
11
11
30
11
39
27
10
39
11
1
9
18
0
7
26
11
12
22
30
25
11
11
11
11
14
20
11
4
32
39
39
14
30
6
12
7
39
13
11
9
34
7
24
11
34
7
37
23
24
34
11
7
22
7
12
25
21
39
7
35
11
19
25
11
39
11
40
7
12
39
14
11
15
7
17
7
39
28
27
39
11
37
27
31
5
4
7
7
22
11
30
4
11
12
4
0
11
5
11
30
13
12
11
27
24
38
5
27
11
11
11
11
11
9
18
7
17
11
41
26
16
39
11
11
12
41
29
21
4
4
6
7
21
11
12
11
11
39
9
11
25
34
13
13
11
34
0
4
7
11
9
16
24
15
22
7
7
11
12
20
11
16
12
16
39
11
13
31
11
14
7
38
14
7
25
11
26
7
40
7
11
16
16
7
19
11
17
7
32
25
41
