30
11
7
11
34
12
7
30
11
6
7
30
7
11
38
11
11
11
7
15
34
30
28
13
11
11
7
11
11
30
25
11
7
35
4
39
7
11
6
39
29
19
10
33
38
40
27
4
11
5
3
9
25
7
9
19
39
15
39
16
3
16
39
39
26
11
11
11
11
3
13
37
11
11
22
13
11
11
12
11
11
11
12
26
3
12
19
20
12
36
26
23
6
34
14
11
30
19
28
4
17
30
24
41
18
11
12
12
11
39
11
14
20
11
11
11
11
7
11
11
18
26
39
11
20
11
2
31
12
8
7
7
11
11
20
34
4
11
41
22
2
27
23
8
20
12
29
10
11
13
1
11
11
0
9
9
38
11
7
11
11
11
11
27
4
11
11
11
7
30
11
18
15
11
4
0
12
30
6
11
22
0
7
11
7
11
9
0
14
7
39
9
35
11
11
9
7
37
17
27
36
21
7
39
11
7
0
29
0
39
12
39
9
11
4
7
25
11
11
15
35
32
16
28
13
13
7
11
11
25
36
32
0
7
8
16
15
7
25
12
1
0
20
30
4
16
15
22
32
11
39
21
39
39
22
11
9
11
19
20
23
7
11
17
11
8
1
20
9
28
36
4
28
11
11
9
11
20
15
30
14
16
11
23
11
0
11
0
11
20
9
1
22
12
7
11
32
39
4
11
11
7
34
7
7
11
20
7
28
3
11
33
11
14
18
11
26
11
11
19
25
11
20
11
32
15
6
30
39
11
29
23
39
7
1
33
22
27
7
39
39
40
11
11
9
9
16
22
16
18
23
11
11
7
4
11
7
29
7
11
37
11
4
7
22
0
11
7
11
9
34
28
37
38
41
22
32
34
13
35
22
11
11
30
11
11
9
10
11
7
11
9
33
20
30
8
11
11
14
11
23
9
11
17
18
38
7
39
11
11
39
7
30
11
16
6
11
11
11
3
24
11
31
16
4
11
11
11
25
3
32
19
7
11
39
7
7
11
11
11
30
18
13
25
7
7
7
11
3
39
12
7
29
7
4
11
11
7
23
6
8
27
11
16
11
8
6
11
7
26
11
38
35
11
11
11
39
8
21
29
11
7
0
11
7
11
7
7
6
36
18
9
11
39
15
7
31
14
12
5
17
13
11
11
17
7
4
7
35
7
9
20
11
11
26
40
4
28
0
24
4
39
1
9
25
11
26
11
11
16
11
32
10
11
7
2
11
9
11
23
13
39
39
11
22
37
28
12
7
4
24
1
11
25
3
4
11
4
14
23
1
30
11
11
19
7
11
16
0
3
39
9
7
11
18
9
0
11
9
24
11
11
28
11
26
7
11
16
7
9
4
5
11
9
4
16
7
20
7
25
22
25
20
11
35
7
0
11
33
41
7
7
33
31
4
7
7
11
7
0
6
27
11
7
4
7
25
14
20
9
12
11
39
11
13
2
36
4
11
24
35
2
11
11
4
11
11
7
16
9
0
11
4
17
20
38
11
14
20
36
3
11
3
11
4
20
7
27
12
11
24
20
24
4
16
13
38
11
22
22
33
7
41
19
8
20
11
4
11
11
11
41
32
33
12
7
11
6
11
7
11
11
11
7
15
11
3
11
4
15
21
7
32
4
39
11
7
39
5
27
11
37
16
36
30
11
2
29
25
7
11
35
21
40
39
35
11
7
33
11
17
39
11
33
24
41
9
6
9
3
16
25
4
12
9
11
35
20
23
9
2
20
7
25
13
11
12
39
39
11
11
40
36
7
11
11
11
34
11
11
27
7
6
11
39
11
12
20
11
11
20
7
10
4
20
33
3
38
36
18
23
11
39
5
16
11
11
0
11
17
16
11
4
