25
27
34
39
40
18
10
8
33
7
3
12
30
3
15
39
28
14
18
7
27
36
19
10
41
31
28
31
1
3
34
13
14
16
0
26
38
39
32
2
23
31
3
36
2
3
39
24
29
40
41
3
39
28
12
39
17
7
10
25
16
12
17
16
31
41
39
8
37
11
12
27
17
20
3
4
0
15
26
21
1
18
25
17
38
16
33
24
21
39
10
11
19
39
41
33
1
34
8
5
15
3
34
6
29
21
29
41
24
20
30
13
41
15
7
26
22
9
6
5
27
10
33
27
25
14
41
25
5
29
22
25
19
30
27
22
11
17
32
36
31
34
11
19
9
1
27
17
35
27
27
15
11
26
29
1
4
1
15
25
1
14
18
28
1
27
21
4
10
0
25
3
32
9
25
25
18
29
25
2
6
18
30
38
25
1
26
41
27
2
31
5
19
11
29
19
7
6
10
28
36
15
11
36
39
26
26
10
1
40
10
7
14
1
0
32
18
38
32
13
4
25
3
34
16
27
41
12
15
1
9
2
35
36
30
4
40
10
26
25
39
6
26
16
19
15
33
17
18
38
9
40
32
41
27
40
11
4
8
38
15
10
33
11
36
26
36
25
27
23
1
10
8
26
5
26
31
16
30
9
38
19
39
33
29
1
16
4
4
36
34
20
33
28
10
26
28
11
9
36
28
8
34
16
3
22
21
7
13
19
33
2
22
19
38
36
16
28
38
18
21
26
3
27
19
32
11
14
6
24
32
14
5
33
32
27
4
21
2
11
28
33
26
25
19
36
12
8
4
32
1
29
1
29
25
33
19
8
8
36
18
33
37
27
39
19
25
1
10
36
11
14
16
31
18
14
19
31
9
21
16
29
34
9
32
5
41
9
41
22
27
2
18
32
30
23
17
13
7
17
14
8
5
22
25
22
35
11
35
3
23
0
4
29
27
12
0
12
10
14
14
25
1
25
18
15
0
26
40
15
20
3
10
28
26
39
15
19
11
35
34
25
18
38
7
7
2
41
14
39
3
25
21
22
7
26
8
23
29
18
1
11
16
10
1
7
40
24
3
19
14
5
30
29
40
18
7
17
26
16
28
1
26
9
20
32
25
9
12
19
3
2
2
28
27
10
34
34
41
38
12
33
29
30
27
5
20
13
3
27
21
30
16
30
26
17
19
25
19
2
29
29
9
4
38
4
29
17
0
17
10
18
41
29
2
3
37
34
33
27
40
25
33
18
19
22
20
16
41
32
21
20
24
35
12
33
3
16
13
27
6
2
36
9
15
28
26
3
29
39
26
5
32
37
0
5
33
4
15
11
32
26
17
16
35
25
16
15
0
14
16
22
3
22
21
22
6
36
4
18
25
3
23
1
20
27
7
36
28
26
40
31
38
32
3
13
35
17
39
1
22
10
39
11
19
17
39
25
37
25
15
38
22
20
7
26
39
15
27
39
2
22
18
37
20
1
29
3
12
31
18
30
14
39
12
1
21
3
19
25
19
19
17
34
15
2
9
38
4
41
26
40
29
13
13
3
26
27
2
36
24
10
27
7
29
8
3
34
10
19
19
9
28
13
27
12
33
18
2
12
35
12
18
35
39
40
9
20
8
27
19
1
11
3
8
3
22
29
24
18
14
26
40
22
8
29
15
41
38
1
17
29
14
14
23
3
3
19
16
28
15
39
41
8
4
0
29
10
22
9
17
4
16
24
6
9
13
8
11
7
33
1
11
41
22
39
6
30
27
28
41
15
32
34
7
35
9
21
27
29
34
29
39
31
25
30
24
4
38
19
31
40
30
33
10
12
14
17
32
11
16
26
5
15
26
20
13
4
30
18
39
14
18
