11
11
11
11
11
11
11
1
11
11
11
11
11
11
11
11
11
11
11
11
11
11
11
11
11
11
11
11
11
11
11
11
11
11
11
11
11
11
11
11
11
11
11
11
11
11
11
11
11
11
11
11
11
11
11
11
11
11
11
11
11
11
11
11
11
11
11
11
11
29
11
11
11
11
11
11
11
11
11
11
11
11
11
4
29
11
11
39
11
29
11
11
11
11
11
11
11
11
11
11
27
11
11
34
11
11
11
39
11
11
11
11
11
11
11
11
11
11
11
11
11
16
11
11
11
11
11
11
11
11
11
11
11
11
11
11
11
11
11
11
11
11
11
11
11
11
11
11
11
11
11
11
11
11
11
5
11
11
11
11
11
11
11
11
11
11
11
11
11
11
11
18
11
11
11
11
11
11
11
11
11
11
11
11
11
11
11
11
11
11
11
11
11
11
11
11
11
11
11
11
11
11
11
11
11
11
11
11
11
11
11
11
11
11
11
11
11
11
11
11
11
11
11
11
11
11
11
11
11
11
11
4
11
11
11
11
11
11
11
5
29
11
11
11
3
11
11
11
11
11
11
11
11
11
11
11
11
11
11
11
11
11
11
11
11
11
11
11
11
11
11
11
11
11
11
11
11
11
11
11
11
11
11
11
11
11
11
11
11
11
11
11
11
11
11
11
11
11
11
11
11
11
11
11
11
11
11
11
11
11
11
11
11
11
11
11
16
11
11
11
11
11
11
11
11
11
14
11
11
11
11
11
7
11
11
39
11
11
11
11
11
7
11
11
11
11
11
11
11
11
11
11
11
11
11
11
11
11
11
11
26
11
11
11
11
11
11
11
11
11
34
11
11
11
11
11
11
3
41
11
11
11
11
11
11
11
11
11
11
11
11
11
11
11
11
11
11
11
11
11
11
11
11
11
11
11
11
11
11
11
11
11
11
11
11
11
11
11
11
11
11
11
11
39
11
11
11
11
11
11
11
11
11
11
11
11
11
11
11
11
11
11
11
11
11
11
11
11
11
11
11
11
11
11
11
11
11
11
11
11
11
11
11
19
11
11
11
11
11
11
11
11
11
11
11
11
11
11
11
11
11
11
11
11
11
11
11
11
5
11
11
11
11
11
11
11
11
11
11
11
11
39
11
11
11
11
11
11
11
11
11
11
11
11
19
11
11
11
11
11
11
11
11
11
11
11
11
11
11
11
11
11
11
11
11
11
11
11
11
11
11
11
11
11
11
11
11
11
11
11
11
11
11
11
11
11
11
11
11
11
11
11
11
11
11
11
11
11
7
11
11
11
11
11
11
11
11
11
11
11
11
11
11
11
16
19
11
39
11
11
16
11
11
11
11
11
11
11
11
11
11
11
11
11
11
11
11
11
11
11
11
11
11
11
11
11
11
11
11
11
11
16
11
11
11
11
11
11
11
11
11
11
11
11
11
11
39
11
11
11
11
29
11
11
11
11
11
11
11
11
11
11
16
11
41
11
11
11
11
11
11
11
11
11
11
41
11
11
11
11
11
39
5
11
11
11
4
11
11
11
11
11
11
39
11
11
11
11
11
11
11
11
11
11
11
11
11
11
11
11
11
11
11
11
11
11
11
11
11
11
11
11
11
11
11
11
11
11
11
11
11
11
11
11
11
11
11
11
11
11
11
11
11
11
11
11
11
11
11
11
11
11
11
11
11
11
11
11
11
11
11
11
11
11
11
11
11
11
11
11
11
11
11
11
5
11
11
11
11
11
11
11
11
11
11
11
11
41
11
11
11
11
11
11
11
11
11
11
11
11
11
11
11
11
11
11
11
11
11
11
11
11
11
11
11
4
11
5
11
11
11
11
11
