35
41
32
27
32
30
23
13
15
41
37
13
21
24
37
1
21
35
41
21
16
37
36
13
2
41
23
4
41
30
25
15
15
5
30
2
30
15
41
13
27
4
10
13
18
40
35
10
35
35
3
37
21
25
24
19
4
16
28
2
35
8
28
22
28
20
26
20
35
29
30
37
2
2
16
30
37
41
36
20
20
15
1
3
22
2
41
41
23
29
5
23
41
35
37
14
30
34
28
20
31
35
26
34
0
20
34
41
20
33
21
37
20
4
30
9
21
1
21
28
41
32
4
41
20
15
23
0
19
28
5
5
41
9
32
32
4
14
18
2
5
35
41
22
20
37
41
41
37
3
15
41
41
37
9
37
10
23
20
37
6
15
20
41
41
9
28
21
17
30
0
18
28
15
34
0
12
37
20
17
2
35
2
35
10
41
1
24
2
30
30
9
35
6
20
34
8
35
5
34
26
22
26
37
41
27
33
34
28
20
4
33
14
35
6
15
25
35
28
22
2
26
36
37
30
30
41
37
1
26
36
18
35
1
7
37
26
7
28
2
22
37
15
37
17
35
15
36
28
21
19
5
37
37
28
21
35
35
16
41
41
37
13
41
3
19
41
3
21
35
35
30
28
14
15
9
2
32
38
32
3
38
39
21
20
28
4
32
4
41
2
41
35
28
25
9
9
41
17
4
39
26
34
32
3
30
15
41
38
14
32
7
30
20
37
21
11
30
13
15
7
25
14
6
32
35
41
35
28
21
19
21
15
37
38
37
26
35
21
32
41
6
2
33
30
9
26
26
32
9
28
32
30
21
32
20
2
19
32
32
36
4
37
30
28
15
41
17
13
33
16
26
37
33
41
32
2
34
30
25
3
32
41
37
32
19
16
37
21
30
41
2
21
15
30
37
20
32
4
11
34
41
2
6
28
21
6
16
41
5
32
2
37
1
4
41
5
41
15
30
35
9
26
16
4
4
23
25
7
22
37
12
28
20
32
41
20
24
17
21
30
41
13
7
32
41
30
20
5
20
23
31
30
20
41
21
41
32
23
41
41
27
32
36
35
28
41
9
2
26
33
30
35
30
2
3
2
19
15
1
34
2
19
26
2
21
5
11
34
28
24
7
16
1
3
10
22
35
41
28
11
30
14
20
15
3
32
8
36
32
15
3
17
1
36
16
32
3
35
37
37
30
1
15
19
32
32
21
9
5
11
10
30
37
15
26
15
12
9
5
27
25
17
7
35
2
36
26
3
33
21
7
25
2
26
19
41
4
14
21
23
10
41
13
4
21
30
1
19
26
32
21
30
28
4
9
8
27
15
26
25
41
35
15
27
30
3
16
32
41
10
26
32
41
30
21
41
14
1
12
2
13
41
3
5
23
28
24
6
34
30
1
33
17
18
20
3
30
20
35
41
27
17
20
4
2
8
3
20
37
41
17
30
20
20
34
28
10
32
26
28
31
20
1
41
20
13
15
36
41
35
13
1
23
30
21
5
6
26
32
28
5
35
20
15
15
14
19
24
2
22
30
41
4
20
36
40
0
26
26
17
1
13
31
26
15
30
1
21
2
2
9
30
34
21
2
20
1
28
26
1
21
34
2
21
32
28
13
41
25
26
13
40
25
37
30
37
16
20
25
15
37
32
22
30
25
35
13
25
34
5
26
21
33
37
35
4
13
34
20
41
35
15
33
3
41
12
4
22
28
37
25
41
2
16
24
24
20
41
5
2
15
30
40
34
37
39
33
28
0
21
6
21
30
23
4
1
41
13
37
15
13
15
37
13
20
24
20
20
41
4
32
37
4
20
13
13
1
35
6
8
27
37
35
35
17
17
7
32
15
37
7
41
